
0.4
47	202	226	209	268	278	66	305	219	286	219	215	38	176	78	154	133	226	94	143	
0.41
185	217	114	240	224	208	213	147	235	277	315	194	195	142	139	371	198	129	260	245	
0.42
260	233	213	133	215	251	258	344	157	383	218	258	261	216	200	257	371	219	281	251	
0.43
196	208	248	201	217	216	206	183	294	202	251	238	229	212	217	259	239	232	215	232	
0.44
237	243	219	201	194	233	178	201	195	186	213	199	209	240	183	247	195	202	227	199	
0.45
237	220	187	188	173	190	236	183	199	203	178	227	188	190	176	206	196	190	189	202	
0.46
175	196	180	182	200	192	181	185	181	193	203	195	188	175	177	217	188	199	184	188	
0.47
173	175	193	173	198	176	169	181	182	179	170	170	197	170	165	174	173	193	174	176	
0.48
180	166	184	167	178	170	173	189	177	183	166	166	178	159	174	166	174	164	213	171	
0.49
162	172	181	172	176	181	175	164	172	166	171	164	164	171	162	180	163	165	163	166	
0.5
171	167	158	166	164	165	161	163	164	174	163	178	164	162	161	160	161	162	159	171	
0.51
167	160	163	169	160	165	157	161	167	163	162	160	165	159	159	163	170	163	163	163	
0.52
161	165	165	162	158	166	162	165	165	159	163	156	159	160	156	159	168	169	166	161	
0.53
157	155	155	158	160	161	154	167	159	162	158	156	167	155	161	164	163	165	163	160	
0.54
159	157	158	159	158	172	165	155	156	162	160	165	157	158	159	158	162	164	160	156	
0.55
159	157	157	157	157	158	158	155	154	165	157	162	159	158	160	155	157	156	157	157	
0.56
156	160	156	156	154	156	157	158	155	157	154	155	155	155	157	158	156	154	155	157	
0.57
155	155	157	154	156	159	155	155	154	157	156	157	153	154	162	158	155	159	156	154	
0.58
161	158	154	159	153	156	153	155	155	155	156	158	154	154	158	155	153	153	153	154	
0.59
155	153	158	155	155	157	156	155	155	153	154	153	155	155	156	156	154	154	155	157	